140,-1160.9647662261914,0.31952380952380954,0.19952380952380952,0.2228571428571429,0.25809523809523804,1.2,0.9,0.9,0.0,0.14399999999999996,0.84,0.21600000000000003,0.21600000000000003,0.7741363764319584,0,8.043211948264668,5.952801966261292,0.09094264443510063,0,1.8563651053235304,1.8514232156723271,0.0,0,0.0,0.0,0.0,0.0,0.0,0.0,0.0,0.0,0.0,0.0,6.751664290087614,43.55497776720429,44.96758201840209,33.55723358224338
140,-1091.0434190282583,0.2356313246229874,0.2580894363402987,0.16322416858652714,0.3430550704501868,1.4613461872317992,0.6456705629869188,0.9129299201986874,0.0,0.05694357721525666,0.3609104291178838,0.08605803889908553,0.08605803889908553,0.3061256564339738,0,3.2045511422099553,2.37169658875494,0.035962496496873504,0,0.7396071316890619,0.7376381995972182,0.0,0,0.0,0.0,0.0,0.0,0.0,0.0,0.0,0.0,0.0,0.0,5.258291022756319,30.928537979498948,43.15248962188504,31.439304840331143
140,-1057.2174415529698,0.31074831340123277,0.20637335769662643,0.1997801768246582,0.28309815207748257,1.705443788121819,0.5004859432598703,0.9184376323782526,0.0,0.035890544551623674,0.2768646229495391,0.08473206258373463,0.08473206258373463,0.19294566741224808,0,3.1551756396972404,2.335153651638103,0.022666534942642015,0,0.7282113161228448,0.7262727212005872,0.0,0,0.0,0.0,0.0,0.0,0.0,0.0,0.0,0.0,0.0,0.0,4.664108995220568,29.918165272329777,43.53639719964215,31.45937634526016
140,-1032.8145722378244,0.3456454591688637,0.18235469654947703,0.2098904453168183,0.262109398964841,2.1668073112098076,0.33409293987281163,0.9262656675973362,0.0,0.006746905421119604,0.20404254360887905,0.10718997323061498,0.10718997323061498,0.036271006353018526,0,3.991442932512279,2.9540772380125,0.004260982088542591,0,0.921220953453134,0.9187685413261845,0.0,0,0.0,0.0,0.0,0.0,0.0,0.0,0.0,0.0,0.0,0.0,2.2940033471544634,29.762098136057688,45.624807202938065,32.90341564527242
140,-1015.4112200594651,0.3085954251794622,0.2024155783384207,0.1918504165447714,0.29713857993734577,2.9093802105965025,0.19847986654832417,0.9350384705924604,0.0,3.059023205018258e-07,0.15374372645260032,0.12713320023784327,0.12713320023784327,1.6445146801070213e-06,0,4.734070718398822,3.5036979831153885,1.931914303143732e-07,0,1.0926186881927842,1.0897099926067668,0.0,0,0.0,0.0,0.0,0.0,0.0,0.0,0.0,0.0,0.0,0.0,0.000137337601184108,29.368821504181703,48.44679375709962,36.103982364124384
140,-1011.1769759574872,0.296713800178246,0.2069144336230903,0.1936220937266568,0.30274967247200685,3.413859152550883,0.14469188822226609,0.9395075372118743,0.0,0.012517584615204053,0.15047331780881829,0.13795573319361426,0.13795573319361426,0.06729387219232291,0,5.137070377567087,3.801959073203542,0.007905432269769364,0,1.1856305980553175,1.1824742924525689,0.0,0,0.0,0.0,0.0,0.0,0.0,0.0,0.0,0.0,0.0,0.0,2.6893272816859137,28.928328193597306,47.07454223251772,35.80798289998422
140,-1008.2495311477422,0.3086047412126568,0.2019868721154389,0.1988119265120143,0.29059646015989,3.7236734675477887,0.1141285810282204,0.9427961754672902,0.0,0.003391867823491654,0.1667271294579114,0.16333526163441975,0.16333526163441975,0.01823450184870822,0,6.08213022199491,4.501400308412854,0.0021421210377962512,0,1.4037494452177128,1.400012478369807,0.0,0,0.0,0.0,0.0,0.0,0.0,0.0,0.0,0.0,0.0,0.0,0.7980023002070449,29.866708577607213,49.82255642912651,38.27673866757872
140,-1007.2799340161138,0.31135562187195664,0.20029786663756724,0.20291860154754648,0.28542790994292966,3.6650501596633824,0.10806684399077822,0.9428825845043798,0.0,3.059023205018258e-07,0.19429895862249996,0.166580809671104,0.166580809671104,1.6445146801070213e-06,0,6.20298499397327,4.590845237738638,1.931914303143732e-07,0,1.4316426031943421,1.4278313810674779,0.0,0,0.0,0.0,0.0,0.0,0.0,0.0,0.0,0.0,0.0,0.0,7.733715462925673e-05,31.008005724925326,50.562018591349,38.7209417433186
140,-1006.7116627759631,0.3140246913266589,0.2016710930900191,0.19766424348546885,0.2866399720978532,3.524161302880702,0.10227134810682925,0.9421475571120393,0.0,3.059023205018258e-07,0.2259977960089994,0.16215760255982992,0.16215760255982992,1.6445146801070213e-06,0,6.038277622273969,4.46894488593691,1.931914303143732e-07,0,1.3936283099768048,1.3899182869307198,0.0,0,0.0,0.0,0.0,0.0,0.0,0.0,0.0,0.0,0.0,0.0,7.832893891171673e-05,32.289424572553564,50.29805489489622,38.321971859046315
140,-1006.88034412887,0.29548512485291184,0.2027304762789247,0.21390615250224726,0.2878782463659162,3.3320834827261145,0.09510367626724797,0.9405433349032983,0.0,3.059023205018258e-07,0.25212688354443485,0.15494412738297045,0.15494412738297045,1.6445146801070213e-06,0,5.769668780926623,4.270146787712901,1.931914303143732e-07,0,1.3316336636506965,1.3280886785598232,0.0,0,0.0,0.0,0.0,0.0,0.0,0.0,0.0,0.0,0.0,0.0,8.34803241751763e-05,33.416128018355366,49.84226787508942,37.718922491621484
140,-1006.5676992267945,0.3065391093378204,0.20209148401187454,0.20423764216679247,0.2871317644835126,3.4467184010744014,0.09936714038385801,0.9415112084139453,0.0,3.059023205018258e-07,0.2362889555557601,0.15925836457564566,0.15925836457564566,1.6445146801070213e-06,0,5.93031842970335,4.389044008284542,1.931914303143732e-07,0,1.3687114385607482,1.365067747524804,0.0,0,0.0,0.0,0.0,0.0,0.0,0.0,0.0,0.0,0.0,0.0,8.026300641565802e-05,32.7295677018505,50.10881468527426,38.07008288672071
140,-1006.5024803685476,0.30690150326785187,0.2029698008440013,0.2016838528383448,0.288444843049802,3.3984133023152028,0.0969908143444057,0.9410205576705666,0.0,3.059023205018258e-07,0.24030768178480136,0.1571684742320626,0.1571684742320626,1.6445146801070213e-06,0,5.852496989971543,4.3314481594579135,1.931914303143732e-07,0,1.3507503297284325,1.3471544535418454,0.0,0,0.0,0.0,0.0,0.0,0.0,0.0,0.0,0.0,0.0,0.0,8.145589052101137e-05,32.927652800461985,50.01035427359503,37.95020578868607
140,-1006.463941563503,0.30664572513193683,0.20374552953337438,0.1997563020896648,0.28985244324502396,3.321343427618179,0.09450152413138516,0.9399220355376762,0.0,0.0006282176413224666,0.24112032740389472,0.1548531944012556,0.1548531944012556,0.003377264781000043,0,5.766282701088567,4.267640741266836,0.00039674842765726853,0,1.3308521598813516,1.3273092552569659,0.0,0,0.0,0.0,0.0,0.0,0.0,0.0,0.0,0.0,0.0,0.0,0.16574102303993557,32.968825267297085,49.76313903587944,37.712265798756135
140,-1006.3994308426375,0.3072681863781771,0.20415970201895117,0.19767265879756868,0.29089945280530305,3.207169338469102,0.09042003522706633,0.9379226551837807,0.0,3.059023205018258e-07,0.23727556897333033,0.15402862814004387,0.15402862814004387,1.6445146801070213e-06,0,5.735578251068594,4.244916298391585,1.931914303143732e-07,0,1.323765604166812,1.3202415648918384,0.0,0,0.0,0.0,0.0,0.0,0.0,0.0,0.0,0.0,0.0,0.0,8.391049932083688e-05,32.85603710343432,49.86551163946562,37.78448319923446
140,-1006.3593371584377,0.3067946399154234,0.20398379481934453,0.19822476032926523,0.29099680493596686,3.094779210408009,0.0883449466956938,0.9356311312667052,0.0,0.0007011374278137957,0.23281762593196575,0.15399350658742111,0.15399350658742111,0.003769277692698582,0,5.734270426569997,4.243948374097553,0.0004428006374847991,0,1.3234637596078598,1.3199405238830595,0.0,0,0.0,0.0,0.0,0.0,0.0,0.0,0.0,0.0,0.0,0.0,0.1871577654705258,32.63922003347323,49.69783268089196,37.64916280669287
140,-1006.3104856449922,0.3067193116221409,0.20311343689445532,0.20048723606800495,0.2896800154153988,3.019761545087052,0.08798317965420266,0.9336362447103793,0.0,0.00045948820327932174,0.22882633564718596,0.15673132838247994,0.15673132838247994,0.002470184254860315,0,5.83621894959887,4.319400739675791,0.00029018800203440697,0,1.346993374630737,1.3434074999559558,0.0,0,0.0,0.0,0.0,0.0,0.0,0.0,0.0,0.0,0.0,0.0,0.12191914186789898,32.439044872142354,49.85863052551546,37.81722214693508
140,-1006.2977968904131,0.3063998094617895,0.20319006521112848,0.20085895244562166,0.2895511728814604,2.9910299113870327,0.08833622371754545,0.9322803102953535,0.0,6.542043468459268e-05,0.22929071144625934,0.15865710977857134,0.15865710977857134,0.000351696793412043,0,5.907929449296963,4.372473865977838,4.13160231271572e-05,0,1.3635440847427058,1.3599141498866665,0.0,0,0.0,0.0,0.0,0.0,0.0,0.0,0.0,0.0,0.0,0.0,0.017413030387478993,32.438180447236476,50.0150277090459,37.9665953267171
140,-1006.2953381652417,0.3067602134607149,0.20318105297404027,0.20065192011156252,0.2894068134536823,2.9768543111501797,0.08863955194287818,0.930880504504372,0.0,3.059023205018258e-07,0.23089936681907797,0.15870533298294154,0.15870533298294154,1.6445146801070213e-06,0,5.909725141211657,4.373802862208367,1.931914303143732e-07,0,1.3639585286031677,1.3603274904427085,0.0,0,0.0,0.0,0.0,0.0,0.0,0.0,0.0,0.0,0.0,0.0,8.164437379043187e-05,32.49324109754434,50.02280985746643,37.96453103851553
140,-1006.2950535940743,0.3067078496110548,0.20327821088300477,0.20050619568035224,0.28950774382558825,2.9733154090451483,0.0887557160947475,0.9303193153581624,0.0,3.059023205018258e-07,0.2312900684168809,0.15868971405777021,0.15868971405777021,1.6445146801070213e-06,0,5.909143537852597,4.37337241605804,1.931914303143732e-07,0,1.3638242951417292,1.3601936143285138,0.0,0,0.0,0.0,0.0,0.0,0.0,0.0,0.0,0.0,0.0,0.0,8.165863609983141e-05,32.5058263601839,50.01893992432338,37.959206383866295
140,-1006.2947975562462,0.30632690478168995,0.20351045046407978,0.2003825362579463,0.289780108496284,2.971653649959647,0.08886680597786917,0.9290935755091713,0.0,3.059023205018258e-07,0.23104388651147223,0.1587904999713573,0.1587904999713573,1.6445146801070213e-06,0,5.912896512224729,4.376150002097728,1.931914303143732e-07,0,1.3646904777949291,1.3610574910888282,0.0,0,0.0,0.0,0.0,0.0,0.0,0.0,0.0,0.0,0.0,0.0,8.16078119240209e-05,32.49337579822292,50.02031635851092,37.96242962972518
140,-1006.2946185244311,0.30638362517108597,0.2035077038378961,0.20035770959054297,0.2897509614004749,2.9696503555877003,0.08889899615638075,0.9282197387965364,0.0,3.059023205018258e-07,0.23121385035885672,0.1587379862793168,0.1587379862793168,1.6445146801070213e-06,0,5.9109410550244155,4.374702763166088,1.931914303143732e-07,0,1.3642391602696713,1.3606073750305667,0.0,0,0.0,0.0,0.0,0.0,0.0,0.0,0.0,0.0,0.0,0.0,8.164840232761553e-05,32.49919632585136,50.01682282821771,37.95744232770873
140,-1006.2934312466218,0.30662182099796215,0.20347141271305041,0.20024983000466806,0.2896569362843194,2.9625369324415245,0.08903724690415735,0.9208135845953866,0.0,3.059023205018258e-07,0.23170315001068617,0.1585380326568683,0.1585380326568683,1.6445146801070213e-06,0,5.903495363518969,4.3691921876250115,1.931914303143732e-07,0,1.3625207022724657,1.3588934917960347,0.0,0,0.0,0.0,0.0,0.0,0.0,0.0,0.0,0.0,0.0,0.0,8.180275458003836e-05,32.515050629112096,50.00296174965405,37.93866012278512
140,-1006.2905192615926,0.30694074523402115,0.20340198211774493,0.20016212060360486,0.28949515204462906,2.951302581070088,0.08927704757723655,0.8991750612727646,0.0,3.059023205018258e-07,0.2323499190446197,0.1581646318344974,0.1581646318344974,1.6445146801070213e-06,0,5.889591002611628,4.35890153415458,1.931914303143732e-07,0,1.3593115899717783,1.3556929225771057,0.0,0,0.0,0.0,0.0,0.0,0.0,0.0,0.0,0.0,0.0,0.0,8.208861348436909e-05,32.53508483189206,49.97595875249775,37.90350438750349
140,-1006.2839146321617,0.3075832602101502,0.203280904441111,0.1998589828849225,0.28927685246381635,2.9344792448354635,0.0896423181388604,0.8432247827226207,0.0,3.0373464374011282e-05,0.23293099207590334,0.1576352835390875,0.1576352835390875,0.0001632861364595992,0,5.869879611248506,4.344313082424242,1.918224424186045e-05,0,1.3547622209710313,1.3511556645988725,0.0,0,0.0,0.0,0.0,0.0,0.0,0.0,0.0,0.0,0.0,0.0,0.008177052379069384,32.54853146712874,49.92612352820324,37.845009202045276
140,-1006.268805412733,0.3086110185705449,0.20301406411971368,0.1994715570665451,0.2889033602431963,2.912641747835304,0.09029187953312175,0.7190187748595139,0.0,3.059023205018258e-07,0.23299238910086353,0.15695067321839404,0.15695067321839404,1.6445146801070213e-06,0,5.844386713510974,4.325445722872637,1.931914303143732e-07,0,1.3488784862021437,1.3452875931108133,0.0,0,0.0,0.0,0.0,0.0,0.0,0.0,0.0,0.0,0.0,0.0,8.294667864172355e-05,32.53773455577621,49.86675635814384,37.7729522722498
140,-1006.2461374348593,0.30990222459943234,0.2026182813300856,0.19901587237845272,0.2884636216920293,2.883797719682078,0.09172170047913898,0.4712632136418229,0.0,0.000541743015535652,0.23065613491849943,0.15580108315674743,0.15580108315674743,0.0029123817708617493,0,5.801579322217259,4.293763861857061,0.00034213571136845836,0,1.3389985839990532,1.3354339925152636,0.0,0,0.0,0.0,0.0,0.0,0.0,0.0,0.0,0.0,0.0,0.0,0.14459951931167217,32.40260738565712,49.63784818532676,37.56064721800226
140,-1006.2182038274486,0.30932309547480125,0.20246068317952406,0.1995437453630226,0.2886724759826521,2.9045114674981476,0.09135356558901656,0.395731696314158,0.0,0.000488371772078016,0.2285262005743805,0.1552931259215714,0.1552931259215714,0.002625460791584234,0,5.782664471739596,4.279764932096262,0.00030842930847382654,0,1.3346330558213804,1.3310800859514968,0.0,0,0.0,0.0,0.0,0.0,0.0,0.0,0.0,0.0,0.0,0.0,0.13109431190132897,32.336988089046606,49.62663769758088,37.55442613805741
140,-1006.1326566095731,0.3068915215243623,0.20231270164539156,0.20123937685263227,0.2895563999776139,2.985475870424629,0.08966042291562538,0.1883357550991357,0.0,3.059023205018258e-07,0.22406499887380282,0.15710575889201372,0.15710575889201372,1.6445146801070213e-06,0,5.850161653062189,4.329719770571073,1.931914303143732e-07,0,1.3502113363541954,1.346616895039321,0.0,0,0.0,0.0,0.0,0.0,0.0,0.0,0.0,0.0,0.0,0.0,8.212223613367325e-05,32.21326898675155,49.82957039588641,37.793652579441684
140,-1006.1049109278142,0.3065353913128509,0.2024857021984931,0.20138619009346315,0.28959271639519285,3.003253226190943,0.08885396195603636,0.1152010233113299,0.0,6.158932427419456e-06,0.22458297551103673,0.15778183020373038,0.15778183020373038,3.3110094667026286e-05,0,5.875336582933849,4.348351801282738,3.889650012823743e-06,0,1.356021684464293,1.3524117752335907,0.0,0,0.0,0.0,0.0,0.0,0.0,0.0,0.0,0.0,0.0,0.0,0.001637066430156784,32.24323980854408,49.86709756674276,37.84524617882067
140,-1006.0698844261475,0.3063245741276707,0.20310592932036264,0.200919228320133,0.28965026823183365,3.005465506678344,0.0876922600927162,0.046291705671920494,0.0,3.059023205018258e-07,0.22806340345382956,0.15862135869929353,0.15862135869929353,1.6445146801070213e-06,0,5.906598183056174,4.371488592389778,1.931914303143732e-07,0,1.3632368298535902,1.3596077129507391,0.0,0,0.0,0.0,0.0,0.0,0.0,0.0,0.0,0.0,0.0,0.0,8.030670218309025e-05,32.389443019977165,49.9132880096397,37.896545894622804
140,-1006.0552270237777,0.3056429699936142,0.20365181237454835,0.20066407461717847,0.29004114301465894,2.9732729052624323,0.08722100114310558,0.021801724906486526,0.0,3.059023205018258e-07,0.2321753551961894,0.15835007031685194,0.15835007031685194,1.6445146801070213e-06,0,5.896496192504879,4.364012083054491,1.931914303143732e-07,0,1.360905300748756,1.3572823906850238,0.0,0,0.0,0.0,0.0,0.0,0.0,0.0,0.0,0.0,0.0,0.0,8.037310259415058e-05,32.54869536151869,49.88849294458987,37.85698277882195
140,-1006.0854444963829,0.31045881322015006,0.20119525607388364,0.20157582658920384,0.2867701041167624,2.969872058512952,0.0845304141379913,0.0046750230737006146,0.0,3.059023205018258e-07,0.23488327058435168,0.1597184219836928,0.1597184219836928,1.6445146801070213e-06,0,5.9474496298945185,4.401722853854987,1.931914303143732e-07,0,1.3726653020734534,1.3690110853294362,0.0,0,0.0,0.0,0.0,0.0,0.0,0.0,0.0,0.0,0.0,0.0,7.899982474907102e-05,32.68163696291256,49.99344357251752,37.96742246733413
140,-1006.0518094753071,0.3067913099580288,0.20306476434894655,0.20088376642857755,0.2892601592644471,2.9724567764316836,0.08656789315042696,0.015069039014015392,0.0,3.059023205018258e-07,0.23282213028487667,0.15867722944239226,0.15867722944239226,1.6445146801070213e-06,0,5.908678647076776,4.373028349192438,1.931914303143732e-07,0,1.3637169988253355,1.3600866036491182,0.0,0,0.0,0.0,0.0,0.0,0.0,0.0,0.0,0.0,0.0,0.0,8.003478979192769e-05,32.580115448510305,49.91358714724478,37.88358677813877
140,-1006.0483557177407,0.3067419739120678,0.20328261559891714,0.2003873301707827,0.28958808031823235,2.958988636609238,0.08626528007038986,0.009730682792621615,0.0,3.059023205018258e-07,0.2336174773150823,0.15829033957513136,0.15829033957513136,1.6445146801070213e-06,0,5.894271993359112,4.362365947513933,1.931914303143732e-07,0,1.36039195785688,1.356770414379881,0.0,0,0.0,0.0,0.0,0.0,0.0,0.0,0.0,0.0,0.0,0.0,8.028108432987987e-05,32.614211521571036,49.89550055622977,37.86029176004002
140,-1006.0459815048773,0.3065579875352454,0.20335538055545854,0.20037068263005303,0.2897159492792431,2.944127456771529,0.08591102444632018,0.005788260564326206,0.0,3.059023205018258e-07,0.23367553100710076,0.15793380960737546,0.15793380960737546,1.6445146801070213e-06,0,5.880995854023146,4.352540242453339,1.931914303143732e-07,0,1.3573278384534349,1.353714452067908,0.0,0,0.0,0.0,0.0,0.0,0.0,0.0,0.0,0.0,0.0,0.0,8.056725321805284e-05,32.61815789581267,49.87944085953873,37.83934099268425
140,-1006.0438779955228,0.3066870777450204,0.20341509356047596,0.19988895536831303,0.2900088733261906,2.9226333443717034,0.0855922261135325,0.0029075018472064524,0.0,3.059023205018258e-07,0.23210432025167602,0.15826921795356894,0.15826921795356894,1.6445146801070213e-06,0,5.893485485586345,4.361783851077046,1.931914303143732e-07,0,1.360210432665971,1.3565893724330602,0.0,0,0.0,0.0,0.0,0.0,0.0,0.0,0.0,0.0,0.0,0.0,8.043063355276373e-05,32.54833836092803,49.8947616844104,37.86165586371807
140,-1006.0431918639605,0.3061602520697159,0.20340905912960658,0.2006442175262267,0.28978647127445084,2.9091095169732895,0.08536442525353893,0.0018510615803919849,0.0,3.059023205018258e-07,0.2316838923477346,0.158340295671221,0.158340295671221,1.6445146801070213e-06,0,5.896132213122801,4.3637427009724,1.931914303143732e-07,0,1.3608212946790048,1.357198608250551,0.0,0,0.0,0.0,0.0,0.0,0.0,0.0,0.0,0.0,0.0,0.0,8.047627152793786e-05,32.52806313772541,49.89470434299891,37.85871339512991
140,-1006.0429768228448,0.30635395421184003,0.2033539288336936,0.2004515777014177,0.28984053925304865,2.9156371366078595,0.08534245702275552,0.0019713293916125848,0.0,3.059023205018258e-07,0.23143506650575899,0.15833377118991657,0.15833377118991657,1.6445146801070213e-06,0,5.895889260409912,4.363562891041207,1.931914303143732e-07,0,1.3607652214409314,1.3571426842868601,0.0,0,0.0,0.0,0.0,0.0,0.0,0.0,0.0,0.0,0.0,0.0,8.044932881493959e-05,32.521296473561335,49.898151687794964,37.86491109107716
140,-1006.0430449470791,0.30636255451771904,0.20334011739290758,0.20043227574903041,0.289865052340343,2.9183229869104004,0.08530341775614905,0.0019209314128023687,0.0,7.908261051928404e-06,0.23135655446852801,0.15831882749714302,0.15831882749714302,4.251439274040169e-05,0,5.895332800742008,4.363151053801737,4.994431756565832e-06,0,1.3606367911177393,1.3570145958621895,0.0,0,0.0,0.0,0.0,0.0,0.0,0.0,0.0,0.0,0.0,0.0,0.002079009890582387,32.519714851643855,49.89745727354413,37.86552631549263
140,-1006.0429806105293,0.3063551584358978,0.20335199487248398,0.20044887498963884,0.2898439717019794,2.9160130679084104,0.08533698956125378,0.0019641936996769045,0.0,1.1074026651901701e-06,0.23142407192154615,0.15833167864783865,0.15833167864783865,5.95333810056536e-06,0,5.895811340227303,4.363505222112522,6.993758807421697e-07,0,1.3607472375423442,1.3571247482637914,0.0,0,0.0,0.0,0.0,0.0,0.0,0.0,0.0,0.0,0.0,0.0,0.00029122416712883624,32.52108362913923,49.89811104459611,37.86503990336682
140,-1006.0429743254067,0.30635425494045737,0.2033534458670965,0.20045090275730296,0.2898413964351431,2.915731012824985,0.08534109160901128,0.0019695449811418216,0.0,2.7655201679039744e-07,0.23143232081087722,0.15833324861994333,0.15833324861994333,1.4867290012018642e-06,0,5.895869801423557,4.363548489395076,1.7465535924152152e-07,0,1.360760730326749,1.357138205128618,0.0,0,0.0,0.0,0.0,0.0,0.0,0.0,0.0,0.0,0.0,0.0,7.27304985146891e-05,32.521250807461556,49.89819102945449,37.8649805947088
140,-1006.0429733245682,0.30635410634955346,0.20335368450215424,0.20045123624911623,0.28984097289917604,2.91568462794076,0.08534176626110387,0.0019704264614767673,0.0,1.3990704479506968e-07,0.23143367746372226,0.1583335068230411,0.1583335068230411,7.52132865937215e-07,0,5.895879416156155,4.36355560528354,8.835775436641472e-08,0,1.3607629493972155,1.3571404182916254,0.0,0,0.0,0.0,0.0,0.0,0.0,0.0,0.0,0.0,0.0,0.0,3.679444526940647e-05,32.52127830136832,49.89820418647109,37.86497084298401
140,-1006.042972653498,0.30635400593865414,0.20335384576094384,0.20045146160763583,0.2898406866927662,2.915653283574253,0.08534222216316666,0.0019710223489520814,0.0,4.7568433779000494e-08,0.23143459423081808,0.1583336813051294,0.1583336813051294,2.5572538165429875e-07,0,5.895885913361791,4.363560413882236,3.004166082984911e-08,0,1.3607644489456425,1.3571419138480558,0.0,0,0.0,0.0,0.0,0.0,0.0,0.0,0.0,0.0,0.0,0.0,1.2510178803744154e-05,32.521296880387226,49.898213077781875,37.864964253586564
140,-1006.0429724262988,0.30635397179895585,0.20335390058895564,0.200451538229532,0.2898405893825565,2.9156426265663997,0.08534237717042277,0.0019712249917417926,0.0,1.6173271931719512e-08,0.23143490593220412,0.15833374062908326,0.15833374062908326,8.694665366854199e-08,0,5.895888122413339,4.363562048807001,1.0214167490545562e-08,0,1.3607649587924846,1.357142422337618,0.0,0,0.0,0.0,0.0,0.0,0.0,0.0,0.0,0.0,0.0,0.0,4.253468580053187e-06,32.521303197234104,49.898216100901095,37.864962013259834
140,-1006.0429723491627,0.30635396019145933,0.20335391923048232,0.20045156428097657,0.28984055629708183,2.9156390031926036,0.08534242987295401,0.0019712938950361514,0.0,5.498912962709665e-09,0.23143501191074167,0.1583337607992326,0.1583337607992326,2.956186496713046e-08,0,5.895888873491053,4.363562604681559,3.4728172663004927e-09,0,1.360765132140454,1.357142595224112,0.0,0,0.0,0.0,0.0,0.0,0.0,0.0,0.0,0.0,0.0,0.0,1.4461802135042996e-06,32.52130534495977,49.898217128770156,37.86496125155667
140,-1006.0429723229491,0.3063539562449106,0.2033539255686017,0.20045157313846776,0.28984054504802,2.9156377712465384,0.08534244779182203,0.0019713173227048826,0.0,1.869630467242182e-09,0.23143504794345204,0.15833376765708396,0.15833376765708396,1.005103441095592e-08,0,5.8958891288574975,4.363562793678925,1.180757908384978e-09,0,1.3607651910787686,1.3571426540055254,0.0,0,0.0,0.0,0.0,0.0,0.0,0.0,0.0,0.0,0.0,0.0,4.917013793124781e-07,32.521306075186246,49.89821747824659,37.86496099257849
140,-1006.042972314038,0.30635395490308404,0.20335392772356234,0.20045157615001474,0.2898405412233389,2.9156373523849948,0.08534245388423803,0.001971325288175675,0.0,6.356743516675502e-10,0.23143506019457455,0.1583337699887535,0.1583337699887535,3.4173516610461936e-09,0,5.895889215682092,4.363562857938032,4.014576843070496e-10,0,1.3607652111177964,1.3571426739912065,0.0,0,0.0,0.0,0.0,0.0,0.0,0.0,0.0,0.0,0.0,0.0,1.6717847904674153e-07,32.52130632346321,49.8982175970687,37.86496090452602
140,-1006.0429723110085,0.306353954446863,0.20335392845624897,0.20045157717394071,0.2898405399229474,2.9156372099720835,0.08534245595565955,0.0019713279964430775,0.0,2.1612927163870628e-10,0.23143506435995626,0.1583337707815211,0.1583337707815211,1.1618995221337955e-09,0,5.8958892452024525,4.3635628797861274,1.3649560765733435e-10,0,1.3607652179310654,1.3571426807863376,0.0,0,0.0,0.0,0.0,0.0,0.0,0.0,0.0,0.0,0.0,0.0,5.684068071264598e-08,32.521306407877375,49.898217637468235,37.864960874588206
140,-1006.0429723099784,0.3063539542917478,0.2033539287053624,0.20045157752207557,0.28984053948081423,2.9156371615516954,0.0853424566599429,0.001971328917254841,0.0,7.348394819719432e-11,0.231435065776186,0.15833377105106217,0.15833377105106217,3.950458151617345e-10,0,5.895889255239378,4.363562887214481,4.640850397628332e-11,0,1.3607652202475775,1.3571426830966828,0.0,0,0.0,0.0,0.0,0.0,0.0,0.0,0.0,0.0,0.0,0.0,1.93258327495265e-08,32.52130643657821,49.89821765120408,37.864960864409326
140,-1006.0429723096282,0.3063539542390087,0.20335392879006098,0.20045157764044144,0.2898405393304889,2.9156371450887635,0.08534245689939925,0.00197132923033094,0.0,2.498454098756772e-11,0.23143506625770421,0.15833377114270608,0.15833377114270608,1.343155696314682e-10,0,5.8958892586519305,4.363562889740121,1.5778890468101177e-11,0,1.3607652210351913,1.3571426838821998,0.0,0,0.0,0.0,0.0,0.0,0.0,0.0,0.0,0.0,0.0,0.0,6.57078183239992e-09,32.52130644633647,49.89821765587426,37.86496086094852
140,-1006.0429723095091,0.30635395422107736,0.2033539288188585,0.20045157768068578,0.28984053927937836,2.915637139491367,0.08534245698081439,0.0019713293367768243,0.0,8.494743233416844e-12,0.2314350664214204,0.15833377117386502,0.15833377117386502,4.566728989886955e-11,0,5.895889259812199,4.363562890598838,5.364822315584064e-12,0,1.36076522130298,1.3571426841492757,0.0,0,0.0,0.0,0.0,0.0,0.0,0.0,0.0,0.0,0.0,0.0,2.2340672014825974e-09,32.5213064496543,49.89821765746213,37.864960859771855
140,-1006.0429723094688,0.30635395421498074,0.2033539288286496,0.20045157769436892,0.28984053926200076,2.9156371375882517,0.08534245700849555,0.001971329372968426,0.0,2.8882134025959006e-12,0.23143506647708387,0.15833377118445907,0.15833377118445907,1.5526882346165335e-11,0,5.89588926020669,4.363562890890803,1.824040031423411e-12,0,1.3607652213940282,1.3571426842400816,0.0,0,0.0,0.0,0.0,0.0,0.0,0.0,0.0,0.0,0.0,0.0,7.595784430686635e-10,32.521306450782355,49.898217658002,37.86496085937178
140,-1006.0429723094688,0.30635395421498074,0.20335392882864964,0.20045157769436892,0.2898405392620007,2.9156371375882513,0.08534245700849555,0.00197132937296844,0.0,2.8881958240160648e-12,0.23143506647708387,0.1583337711844591,0.1583337711844591,1.5526787844650774e-11,0,5.895889260206692,4.363562890890804,1.8240289297391355e-12,0,1.3607652213940284,1.357142684240082,0.0,0,0.0,0.0,0.0,0.0,0.0,0.0,0.0,0.0,0.0,0.0,7.595768428057989e-10,32.52130645078235,49.898217658002,37.86496085937178
140,-1006.042972309455,0.3063539542129079,0.20335392883197864,0.2004515776990211,0.2898405392560923,2.915637136941193,0.08534245701790713,0.0019713293852735756,0.0,9.819922053215271e-13,0.23143506649600948,0.15833377118806108,0.15833377118806108,5.279138107722465e-12,0,5.895889260340819,4.363562890990071,6.201733886569166e-13,0,1.3607652214249848,1.357142684270956,0.0,0,0.0,0.0,0.0,0.0,0.0,0.0,0.0,0.0,0.0,0.0,2.582568151280279e-10,32.52130645116589,49.89821765818555,37.86496085923576
140,-1006.0429723094502,0.30635395421220313,0.20335392883311051,0.20045157770060287,0.28984053925408354,2.915637136721193,0.08534245702110707,0.001971329389457322,0.0,3.338699668070041e-13,0.23143506650244414,0.1583337711892857,0.1583337711892857,1.7948672659960587e-12,0,5.89588926038642,4.363562891023821,2.108542894367238e-13,0,1.3607652214355097,1.3571426842814527,0.0,0,0.0,0.0,0.0,0.0,0.0,0.0,0.0,0.0,0.0,0.0,8.780502201051237e-11,32.5213064512963,49.89821765824797,37.86496085918951
140,-1006.0429723094502,0.30635395421220313,0.20335392883311051,0.20045157770060287,0.28984053925408354,2.915637136721193,0.08534245702110707,0.001971329389457322,0.0,3.338699668070041e-13,0.23143506650244414,0.1583337711892857,0.1583337711892857,1.7948672659960587e-12,0,5.89588926038642,4.363562891023821,2.108542894367238e-13,0,1.3607652214355097,1.3571426842814527,0.0,0,0.0,0.0,0.0,0.0,0.0,0.0,0.0,0.0,0.0,0.0,8.780502201051237e-11,32.5213064512963,49.89821765824797,37.86496085918951
140,-1006.0429723094502,0.30635395421220313,0.20335392883311051,0.20045157770060287,0.28984053925408354,2.915637136721193,0.08534245702110707,0.001971329389457322,0.0,3.338699668070041e-13,0.23143506650244414,0.1583337711892857,0.1583337711892857,1.7948672659960587e-12,0,5.89588926038642,4.363562891023821,2.108542894367238e-13,0,1.3607652214355097,1.3571426842814527,0.0,0,0.0,0.0,0.0,0.0,0.0,0.0,0.0,0.0,0.0,0.0,8.780502201051237e-11,32.5213064512963,49.89821765824797,37.86496085918951
140,-1006.0429723094492,0.3063539542120216,0.203353928833402,0.2004515777010103,0.28984053925356607,2.9156371366645257,0.08534245702193129,0.0019713293905349524,0.0,1.669261941137409e-13,0.23143506650410153,0.15833377118960115,0.15833377118960115,8.973863822415911e-13,0,5.8958892603981665,4.363562891032514,1.0542159387632312e-13,0,1.3607652214382207,1.3571426842841565,0.0,0,0.0,0.0,0.0,0.0,0.0,0.0,0.0,0.0,0.0,0.0,4.3900214831497725e-11,32.52130645132988,49.898217658264045,37.8649608591776
140,-1006.2343013315204,0.2986965925088793,0.20599599468474641,0.19670826915415848,0.2985991436522158,3.0832469641777642,0.08735374447750313,0.0019698765599519153,0.0,3.786894036849101e-05,0.2330236770997459,0.15859950539452405,0.15859950539452405,0.0002035814185845941,0,5.905784429528253,4.370886331299033,2.3915983187956302e-05,0,1.3630490163702105,1.3594203994517142,0.0,0,0.0,0.0,0.0,0.0,0.0,0.0,0.0,0.0,0.0,0.0,0.0098398229367081,32.62522490774339,49.905078794763725,37.956701613075595
140,-1006.0429548749613,0.3062702446692981,0.20338341590277934,0.20041081332826613,0.2899355260996564,2.91739711243013,0.08536392202190529,0.001971313700859764,0.0,4.0811409157070087e-07,0.23145217164195703,0.1583366377254824,0.1583366377254824,2.1939997501344646e-06,0,5.89599600185951,4.363641890664136,2.5774287999075246e-07,0,1.3607898572585129,1.357167254520634,0.0,0,0.0,0.0,0.0,0.0,0.0,0.0,0.0,0.0,0.0,0.0,0.0001073167768307246,32.52240886843732,49.89826949511756,37.86594005109909
140,-1006.042953488546,0.3062605092961981,0.20338675859102442,0.20040609184504166,0.2899466402677358,2.91761089172137,0.08536653239339018,0.0019713117922007042,0.0,3.059023205018258e-07,0.23145425103515999,0.15833744745392928,0.15833744745392928,1.6445146801070213e-06,0,5.896026153792468,4.363664206187704,1.931914303143732e-07,0,1.3607968162938535,1.357174195030101,0.0,0,0.0,0.0,0.0,0.0,0.0,0.0,0.0,0.0,0.0,0.0,8.04382780794712e-05,32.52254372455803,49.89832961988051,37.86610770127031
